0.670231
0.670231
0.670232
0.670231
0.670231
0.670232
0.670231
0.670231
0.670231
0.670231
0.670231
0.670231
0.670231
0.670227
0.670225
0.670227
0.670231
0.670231
0.670231
0.670231
0.670231
0.670231
0.670231
0.670231
0.670231
0.670231
0.670229
0.670231
0.670231
0.670231
0.670217
0.670227
0.670231
0.670226
0.670228
0.670231
0.67023
0.670231
0.670226
0.670226
0.670225
0.670231
0.670231
0.670231
0.670231
0.670228
0.670231
0.670231
0.670231
0.670231
0.670231
0.670231
0.670231
0.670231
0.670232
0.670232
0.670228
0.670227
0.670231
0.670231
0.670225
0.670231
0.670232
0.670231
0.670231
0.67023
0.670231
0.670231
0.670232
0.670224
0.670227
0.670231
0.670231
0.670231
0.670231
0.670231
0.670231
0.670231
0.670231
0.670231
0.670231
0.670231
0.670231
0.670231
0.670231
0.670231
0.670231
0.670231
0.670227
0.670231
0.670231
0.670231
0.670224
0.670228
0.670228
0.670231
0.670223
0.670228
0.67023
0.670231
0.670227
0.670231
0.670231
0.670231
0.670231
0.670226
0.670231
0.670231
0.670231
0.670231
0.670231
0.670231
0.670231
0.670229
0.670231
0.670231
0.670224
0.670226
0.670231
0.670231
0.670226
0.670231
0.670231
0.670231
0.670231
0.670231
0.670226
0.670228
0.670231
0.670231
0.670231
0.670231
0.670231
0.670231
0.670231
0.670232
0.670231
0.670231
0.670231
0.670231
0.670231
0.670231
0.670228
0.670231
0.670231
0.670232
0.670231
0.670231
0.670231
0.670231
0.670231
0.670231
0.670231
0.670228
0.670231
0.670226
0.670231
0.670224
0.670232
0.670231
0.670231
0.670224
0.670229
0.670231
0.670227
0.670231
0.670228
0.670231
0.670231
0.670231
0.670231
0.670231
0.670228
0.670231
0.670231
0.670231
0.670226
0.670231
0.670226
0.670228
0.670226
0.670231
0.670231
0.670224
0.670231
